ITER= 12
AOA= 1.14595660986729
SIDESLIP_ANGLE= 0
DCD_DCL_VALUE= 0.0702960640214465
DCMZ_DCL_VALUE= 0.130782798673239
INITIAL_BCTHRUST= 4000
